-5.95314e+35;
-5.95312e+35;
-5.95309e+35;
-5.95306e+35;
-5.95303e+35;
-5.95301e+35;
-5.95298e+35;
-5.95296e+35;
-5.95293e+35;
-5.95291e+35;
-5.95288e+35;
-5.95286e+35;
-5.95283e+35;
-5.95281e+35;
-5.95278e+35;
-5.95276e+35;
-5.95274e+35;
-5.95272e+35;
-5.95269e+35;
-5.95267e+35;
-5.95265e+35;
-5.95263e+35;
-5.95261e+35;
-5.95259e+35;
-5.95257e+35;
-5.95255e+35;
-5.95253e+35;
-5.95251e+35;
-5.95249e+35;
-5.95247e+35;
-5.95245e+35;
-5.95244e+35;
-5.95242e+35;
-5.9524e+35;
-5.95239e+35;
-5.95237e+35;
-5.95235e+35;
-5.95234e+35;
-5.95232e+35;
-5.95231e+35;
-5.95229e+35;
-5.95228e+35;
-5.95227e+35;
-5.95225e+35;
-5.95224e+35;
-5.95223e+35;
-5.95222e+35;
-5.95221e+35;
-5.95219e+35;
-5.95218e+35;
-5.95217e+35;
-5.95216e+35;
-5.95215e+35;
-5.95215e+35;
-5.95214e+35;
-5.95213e+35;
-5.95212e+35;
-5.95211e+35;
-5.95211e+35;
-5.9521e+35;
-5.9521e+35;
-5.95209e+35;
-5.95209e+35;
-5.95208e+35;
-5.95208e+35;
-5.95207e+35;
-5.95207e+35;
-5.95207e+35;
-5.95207e+35;
-5.95207e+35;
-5.95206e+35;
-5.95206e+35;
-5.95206e+35;
-5.95206e+35;
-5.95207e+35;
-5.95207e+35;
-5.95207e+35;
-5.95207e+35;
-5.95207e+35;
-5.95208e+35;
-5.95208e+35;
-5.95209e+35;
-5.95209e+35;
-5.9521e+35;
-5.9521e+35;
-5.95211e+35;
-5.95212e+35;
-5.95212e+35;
-5.95213e+35;
-5.95214e+35;
-5.95215e+35;
-5.95215e+35;
-5.95216e+35;
-5.95217e+35;
-5.95218e+35;
-5.95219e+35;
-5.9522e+35;
-5.95221e+35;
-5.95222e+35;
-5.95223e+35;
-5.95225e+35;
-5.95226e+35;
-5.95227e+35;
-5.95228e+35;
-5.95229e+35;
-5.9523e+35;
-5.95231e+35;
-5.95232e+35;
-5.95233e+35;
-5.95234e+35;
-5.95235e+35;
-5.95236e+35;
-5.95237e+35;
-5.95238e+35;
-5.95239e+35;
-5.9524e+35;
-5.9524e+35;
-5.95241e+35;
-5.95241e+35;
-5.95242e+35;
-5.95242e+35;
-5.95242e+35;
-5.95242e+35;
-5.95242e+35;
-5.95242e+35;
-5.95241e+35;
-5.95241e+35;
-5.9524e+35;
-5.95239e+35;
-5.95238e+35;
-5.95237e+35;
-5.95235e+35;
-5.95233e+35;
-5.95232e+35;
-5.9523e+35;
-5.95227e+35;
-5.95225e+35;
-5.95222e+35;
-5.95219e+35;
-5.95216e+35;
-5.95213e+35;
-5.95209e+35;
-5.95205e+35;
-5.95201e+35;
-5.95197e+35;
-5.95192e+35;
-5.95188e+35;
-5.95183e+35;
-5.95178e+35;
-5.95172e+35;
-5.95167e+35;
-5.95161e+35;
-5.95155e+35;
-5.95149e+35;
-5.95143e+35;
-5.95137e+35;
-5.9513e+35;
-5.95123e+35;
-5.95116e+35;
-5.95109e+35;
-5.95102e+35;
-5.95095e+35;
-5.95088e+35;
-5.9508e+35;
-5.95073e+35;
-5.95065e+35;
-5.95057e+35;
-5.95049e+35;
-5.95042e+35;
-5.95034e+35;
-5.95026e+35;
-5.95018e+35;
-5.9501e+35;
-5.95002e+35;
-5.94993e+35;
-5.94985e+35;
-5.94977e+35;
-5.94969e+35;
-5.94961e+35;
-5.94953e+35;
-5.94945e+35;
-5.94936e+35;
-5.94928e+35;
-5.9492e+35;
-5.94912e+35;
-5.94904e+35;
-5.94896e+35;
-5.94888e+35;
-5.9488e+35;
-5.94872e+35;
-5.94864e+35;
-5.94856e+35;
-5.94849e+35;
-5.94841e+35;
-5.94833e+35;
-5.94825e+35;
-5.94818e+35;
-5.9481e+35;
-5.94802e+35;
-5.94795e+35;
-5.94788e+35;
-5.9478e+35;
-5.94773e+35;
-5.94765e+35;
-5.94758e+35;
-5.94751e+35;
-5.94744e+35;
-5.94737e+35;
-5.9473e+35;
-5.94723e+35;
-5.94716e+35;
-5.94709e+35;
-5.94702e+35;
-5.94695e+35;
-5.94688e+35;
-5.94682e+35;
-5.94675e+35;
-5.94668e+35;
-5.94662e+35;
-5.94655e+35;
-5.94649e+35;
-5.94642e+35;
-5.94636e+35;
-5.9463e+35;
-5.94623e+35;
-5.94617e+35;
-5.94611e+35;
-5.94605e+35;
-5.94599e+35;
-5.94593e+35;
-5.94587e+35;
-5.94581e+35;
-5.94575e+35;
-5.94569e+35;
-5.94563e+35;
-5.94557e+35;
-5.94552e+35;
-5.94546e+35;
-5.9454e+35;
-5.94535e+35;
-5.94529e+35;
-5.94524e+35;
-5.94518e+35;
-5.94513e+35;
-5.94507e+35;
-5.94502e+35;
-5.94497e+35;
-5.94491e+35;
-5.94486e+35;
-5.94481e+35;
-5.94476e+35;
-5.94471e+35;
-5.94466e+35;
-5.94461e+35;
-5.94456e+35;
-5.94451e+35;
-5.94446e+35;
-5.94441e+35;
-5.94436e+35;
-5.94431e+35;
-5.94426e+35;
-5.94422e+35;
-5.94417e+35;
-5.94412e+35;
-5.94408e+35;
-5.94403e+35;
-5.94398e+35;
-5.94394e+35;
-5.94389e+35;
-5.94385e+35;
-5.94381e+35;
-5.94376e+35;
-5.94372e+35;
-5.94368e+35;
-5.94363e+35;
-5.94359e+35;
-5.94355e+35;
-5.94351e+35;
-5.94347e+35;
-5.94342e+35;
-5.94338e+35;
-5.94334e+35;
-5.9433e+35;
-5.94326e+35;
-5.94323e+35;
-5.94319e+35;
-5.94315e+35;
-5.94311e+35;
-5.94307e+35;
-5.94304e+35;
-5.943e+35;
-5.94296e+35;
-5.94293e+35;
-5.94289e+35;
-5.94286e+35;
-5.94282e+35;
-5.94279e+35;
-5.94275e+35;
-5.94272e+35;
-5.94269e+35;
-5.94265e+35;
-5.94262e+35;
-5.94259e+35;
-5.94256e+35;
-5.94252e+35;
-5.94249e+35;
-5.94246e+35;
-5.94243e+35;
-5.9424e+35;
-5.94238e+35;
-5.94235e+35;
-5.94232e+35;
-5.94229e+35;
-5.94226e+35;
-5.94224e+35;
-5.94221e+35;
-5.94218e+35;
-5.94216e+35;
-5.94213e+35;
-5.94211e+35;
-5.94208e+35;
-5.94206e+35;
-5.94204e+35;
-5.94202e+35;
-5.94199e+35;
-5.94197e+35;
-5.94195e+35;
-5.94193e+35;
-5.94191e+35;
-5.94189e+35;
-5.94187e+35;
-5.94185e+35;
-5.94183e+35;
-5.94182e+35;
-5.9418e+35;
-5.94178e+35;
-5.94177e+35;
-5.94175e+35;
-5.94174e+35;
-5.94172e+35;
-5.94171e+35;
-5.94169e+35;
-5.94168e+35;
-5.94167e+35;
-5.94166e+35;
-5.94165e+35;
-5.94163e+35;
-5.94162e+35;
-5.94161e+35;
-5.9416e+35;
-5.9416e+35;
-5.94159e+35;
-5.94158e+35;
-5.94157e+35;
-5.94156e+35;
-5.94156e+35;
-5.94155e+35;
-5.94154e+35;
-5.94154e+35;
-5.94153e+35;
-5.94153e+35;
-5.94152e+35;
-5.94152e+35;
-5.94151e+35;
-5.94151e+35;
-5.9415e+35;
-5.9415e+35;
-5.9415e+35;
-5.94149e+35;
-5.94149e+35;
-5.94148e+35;
-5.94148e+35;
-5.94147e+35;
-5.94147e+35;
-5.94146e+35;
-5.94146e+35;
-5.94145e+35;
-5.94144e+35;
-5.94144e+35;
-5.94143e+35;
-5.94142e+35;
-5.94141e+35;
-5.9414e+35;
-5.94139e+35;
-5.94137e+35;
-5.94136e+35;
-5.94135e+35;
-5.94133e+35;
-5.94131e+35;
-5.94129e+35;
-5.94127e+35;
-5.94125e+35;
-5.94122e+35;
-5.9412e+35;
-5.94117e+35;
-5.94114e+35;
-5.94111e+35;
-5.94107e+35;
-5.94104e+35;
-5.941e+35;
-5.94096e+35;
-5.94092e+35;
-5.94087e+35;
-5.94083e+35;
-5.94078e+35;
-5.94073e+35;
-5.94067e+35;
-5.94062e+35;
-5.94056e+35;
-5.9405e+35;
-5.94044e+35;
-5.94037e+35;
-5.94031e+35;
-5.94024e+35;
-5.94017e+35;
-5.9401e+35;
-5.94002e+35;
-5.93995e+35;
-5.93987e+35;
-5.93979e+35;
-5.93971e+35;
-5.93963e+35;
-5.93955e+35;
-5.93946e+35;
-5.93938e+35;
-5.93929e+35;
-5.9392e+35;
-5.93911e+35;
-5.93902e+35;
-5.93893e+35;
-5.93884e+35;
-5.93875e+35;
-5.93865e+35;
-5.93856e+35;
-5.93847e+35;
-5.93837e+35;
-5.93828e+35;
-5.93818e+35;
-5.93809e+35;
-5.93799e+35;
-5.9379e+35;
-5.9378e+35;
-5.93771e+35;
-5.93761e+35;
-5.93752e+35;
-5.93742e+35;
-5.93732e+35;
-5.93723e+35;
-5.93714e+35;
-5.93704e+35;
-5.93695e+35;
-5.93685e+35;
-5.93676e+35;
-5.93667e+35;
-5.93657e+35;
-5.93648e+35;
-5.93639e+35;
-5.9363e+35;
-5.93621e+35;
-5.93611e+35;
-5.93602e+35;
-5.93593e+35;
-5.93585e+35;
-5.93576e+35;
-5.93567e+35;
-5.93558e+35;
-5.93549e+35;
-5.93541e+35;
-5.93532e+35;
-5.93523e+35;
-5.93515e+35;
-5.93506e+35;
-5.93498e+35;
-5.9349e+35;
-5.93481e+35;
-5.93473e+35;
-5.93465e+35;
-5.93457e+35;
-5.93448e+35;
-5.9344e+35;
-5.93432e+35;
-5.93424e+35;
-5.93417e+35;
-5.93409e+35;
-5.93401e+35;
-5.93393e+35;
-5.93385e+35;
-5.93378e+35;
-5.9337e+35;
-5.93362e+35;
-5.93355e+35;
-5.93347e+35;
-5.9334e+35;
-5.93333e+35;
-5.93325e+35;
-5.93318e+35;
-5.93311e+35;
-5.93303e+35;
-5.93296e+35;
-5.93289e+35;
-5.93282e+35;
-5.93275e+35;
-5.93268e+35;
-5.93261e+35;
-5.93254e+35;
-5.93247e+35;
-5.93241e+35;
-5.93234e+35;
-5.93227e+35;
-5.9322e+35;
-5.93214e+35;
-5.93207e+35;
-5.932e+35;
-5.93194e+35;
-5.93187e+35;
-5.93181e+35;
-5.93174e+35;
-5.93168e+35;
-5.93162e+35;
-5.93155e+35;
-5.93149e+35;
-5.93143e+35;
-5.93137e+35;
-5.9313e+35;
-5.93124e+35;
-5.93118e+35;
-5.93112e+35;
-5.93106e+35;
-5.931e+35;
-5.93094e+35;
-5.93088e+35;
-5.93082e+35;
-5.93077e+35;
-5.93071e+35;
-5.93065e+35;
-5.93059e+35;
-5.93054e+35;
-5.93048e+35;
-5.93042e+35;
-5.93037e+35;
-5.93031e+35;
-5.93026e+35;
-5.9302e+35;
-5.93015e+35;
-5.93009e+35;
-5.93004e+35;
-5.92999e+35;
-5.92993e+35;
-5.92988e+35;
-5.92983e+35;
-5.92978e+35;
-5.92972e+35;
-5.92967e+35;
-5.92962e+35;
-5.92957e+35;
-5.92952e+35;
-5.92947e+35;
-5.92942e+35;
-5.92937e+35;
-5.92933e+35;
-5.92928e+35;
-5.92923e+35;
-5.92918e+35;
-5.92914e+35;
-5.92909e+35;
-5.92904e+35;
-5.929e+35;
-5.92895e+35;
-5.92891e+35;
-5.92886e+35;
-5.92882e+35;
-5.92878e+35;
-5.92873e+35;
-5.92869e+35;
-5.92865e+35;
-5.92861e+35;
-5.92856e+35;
-5.92852e+35;
-5.92848e+35;
-5.92844e+35;
-5.9284e+35;
-5.92836e+35;
-5.92833e+35;
-5.92829e+35;
-5.92825e+35;
-5.92821e+35;
-5.92818e+35;
-5.92814e+35;
-5.9281e+35;
-5.92807e+35;
-5.92803e+35;
-5.928e+35;
-5.92796e+35;
-5.92793e+35;
-5.9279e+35;
-5.92787e+35;
-5.92783e+35;
-5.9278e+35;
-5.92777e+35;
-5.92774e+35;
-5.92771e+35;
-5.92768e+35;
-5.92766e+35;
-5.92763e+35;
-5.9276e+35;
-5.92757e+35;
-5.92755e+35;
-5.92752e+35;
-5.92749e+35;
-5.92747e+35;
-5.92744e+35;
-5.92742e+35;
-5.9274e+35;
-5.92737e+35;
-5.92735e+35;
-5.92733e+35;
-5.92731e+35;
-5.92729e+35;
-5.92726e+35;
-5.92724e+35;
-5.92722e+35;
-5.9272e+35;
-5.92718e+35;
-5.92716e+35;
-5.92715e+35;
-5.92713e+35;
-5.92711e+35;
-5.92709e+35;
-5.92707e+35;
-5.92705e+35;
-5.92704e+35;
-5.92702e+35;
-5.927e+35;
-5.92698e+35;
-5.92696e+35;
-5.92695e+35;
-5.92693e+35;
-5.92691e+35;
-5.92689e+35;
-5.92687e+35;
-5.92685e+35;
-5.92683e+35;
-5.92681e+35;
-5.92678e+35;
-5.92676e+35;
-5.92674e+35;
-5.92671e+35;
-5.92669e+35;
-5.92666e+35;
-5.92663e+35;
-5.9266e+35;
-5.92657e+35;
-5.92654e+35;
-5.92651e+35;
-5.92647e+35;
-5.92644e+35;
-5.9264e+35;
-5.92636e+35;
-5.92632e+35;
-5.92627e+35;
-5.92623e+35;
-5.92618e+35;
-5.92613e+35;
-5.92608e+35;
-5.92602e+35;
-5.92597e+35;
-5.92591e+35;
-5.92585e+35;
-5.92578e+35;
-5.92572e+35;
-5.92565e+35;
-5.92558e+35;
-5.92551e+35;
-5.92544e+35;
-5.92536e+35;
-5.92528e+35;
-5.9252e+35;
-5.92512e+35;
-5.92504e+35;
-5.92495e+35;
-5.92486e+35;
-5.92477e+35;
-5.92468e+35;
-5.92459e+35;
-5.9245e+35;
-5.9244e+35;
-5.9243e+35;
-5.92421e+35;
-5.92411e+35;
-5.92401e+35;
-5.9239e+35;
-5.9238e+35;
-5.9237e+35;
-5.9236e+35;
-5.92349e+35;
-5.92338e+35;
-5.92328e+35;
-5.92317e+35;
-5.92307e+35;
-5.92296e+35;
-5.92285e+35;
-5.92274e+35;
-5.92263e+35;
-5.92253e+35;
-5.92242e+35;
-5.92231e+35;
-5.9222e+35;
-5.92209e+35;
-5.92199e+35;
-5.92188e+35;
-5.92177e+35;
-5.92166e+35;
-5.92156e+35;
-5.92145e+35;
-5.92134e+35;
-5.92124e+35;
-5.92113e+35;
-5.92102e+35;
-5.92092e+35;
-5.92081e+35;
-5.92071e+35;
-5.92061e+35;
-5.9205e+35;
-5.9204e+35;
-5.9203e+35;
-5.9202e+35;
-5.92009e+35;
-5.91999e+35;
-5.91989e+35;
-5.91979e+35;
-5.91969e+35;
-5.9196e+35;
-5.9195e+35;
-5.9194e+35;
-5.9193e+35;
-5.91921e+35;
-5.91911e+35;
-5.91901e+35;
-5.91892e+35;
-5.91883e+35;
-5.91873e+35;
-5.91864e+35;
-5.91855e+35;
-5.91845e+35;
-5.91836e+35;
-5.91827e+35;
-5.91818e+35;
-5.91809e+35;
-5.918e+35;
-5.91791e+35;
-5.91782e+35;
-5.91774e+35;
-5.91765e+35;
-5.91756e+35;
-5.91748e+35;
-5.91739e+35;
-5.9173e+35;
-5.91722e+35;
-5.91714e+35;
-5.91705e+35;
-5.91697e+35;
-5.91689e+35;
-5.9168e+35;
-5.91672e+35;
-5.91664e+35;
-5.91656e+35;
-5.91648e+35;
-5.9164e+35;
-5.91632e+35;
-5.91624e+35;
-5.91616e+35;
-5.91608e+35;
-5.91601e+35;
-5.91593e+35;
-5.91585e+35;
-5.91578e+35;
-5.9157e+35;
-5.91562e+35;
-5.91555e+35;
-5.91547e+35;
-5.9154e+35;
-5.91533e+35;
-5.91525e+35;
-5.91518e+35;
-5.91511e+35;
-5.91504e+35;
-5.91496e+35;
-5.91489e+35;
-5.91482e+35;
-5.91475e+35;
-5.91468e+35;
-5.91461e+35;
-5.91454e+35;
-5.91447e+35;
-5.91441e+35;
-5.91434e+35;
-5.91427e+35;
-5.9142e+35;
-5.91414e+35;
-5.91407e+35;
-5.91401e+35;
-5.91394e+35;
-5.91388e+35;
-5.91381e+35;
-5.91375e+35;
-5.91368e+35;
-5.91362e+35;
-5.91356e+35;
-5.91349e+35;
-5.91343e+35;
-5.91337e+35;
-5.91331e+35;
-5.91325e+35;
-5.91319e+35;
-5.91313e+35;
-5.91307e+35;
-5.91301e+35;
-5.91295e+35;
-5.91289e+35;
-5.91284e+35;
-5.91278e+35;
-5.91272e+35;
-5.91267e+35;
-5.91261e+35;
-5.91255e+35;
-5.9125e+35;
-5.91244e+35;
-5.91239e+35;
-5.91234e+35;
-5.91228e+35;
-5.91223e+35;
-5.91218e+35;
-5.91213e+35;
-5.91207e+35;
-5.91202e+35;
-5.91197e+35;
-5.91192e+35;
-5.91187e+35;
-5.91183e+35;
-5.91178e+35;
-5.91173e+35;
-5.91168e+35;
-5.91164e+35;
-5.91159e+35;
-5.91154e+35;
-5.9115e+35;
-5.91145e+35;
-5.91141e+35;
-5.91137e+35;
-5.91132e+35;
-5.91128e+35;
-5.91124e+35;
-5.9112e+35;
-5.91116e+35;
-5.91111e+35;
-5.91108e+35;
-5.91104e+35;
-5.911e+35;
-5.91096e+35;
-5.91092e+35;
-5.91088e+35;
-5.91085e+35;
-5.91081e+35;
-5.91078e+35;
-5.91074e+35;
-5.91071e+35;
-5.91067e+35;
-5.91064e+35;
-5.91061e+35;
-5.91058e+35;
-5.91055e+35;
-5.91052e+35;
-5.91049e+35;
-5.91046e+35;
-5.91043e+35;
-5.9104e+35;
-5.91037e+35;
-5.91034e+35;
-5.91032e+35;
-5.91029e+35;
-5.91027e+35;
-5.91024e+35;
-5.91022e+35;
-5.91019e+35;
-5.91017e+35;
-5.91014e+35;
-5.91012e+35;
-5.9101e+35;
-5.91007e+35;
-5.91005e+35;
-5.91003e+35;
-5.91001e+35;
-5.90999e+35;
-5.90997e+35;
-5.90994e+35;
-5.90992e+35;
-5.9099e+35;
-5.90988e+35;
-5.90986e+35;
-5.90984e+35;
-5.90982e+35;
-5.90979e+35;
-5.90977e+35;
-5.90975e+35;
-5.90973e+35;
-5.9097e+35;
-5.90968e+35;
-5.90965e+35;
-5.90963e+35;
-5.9096e+35;
-5.90958e+35;
-5.90955e+35;
-5.90952e+35;
-5.90949e+35;
-5.90946e+35;
-5.90942e+35;
-5.90939e+35;
-5.90935e+35;
-5.90932e+35;
-5.90928e+35;
-5.90924e+35;
-5.90919e+35;
-5.90915e+35;
-5.9091e+35;
-5.90906e+35;
-5.90901e+35;
-5.90895e+35;
-5.9089e+35;
-5.90884e+35;
-5.90879e+35;
-5.90873e+35;
-5.90866e+35;
-5.9086e+35;
-5.90853e+35;
-5.90846e+35;
-5.90839e+35;
-5.90832e+35;
-5.90824e+35;
-5.90817e+35;
-5.90809e+35;
-5.90801e+35;
-5.90792e+35;
-5.90784e+35;
-5.90775e+35;
-5.90766e+35;
-5.90757e+35;
-5.90748e+35;
-5.90739e+35;
-5.90729e+35;
-5.9072e+35;
-5.9071e+35;
-5.907e+35;
-5.9069e+35;
-5.9068e+35;
-5.9067e+35;
-5.90659e+35;
-5.90649e+35;
-5.90639e+35;
-5.90628e+35;
-5.90618e+35;
-5.90607e+35;
-5.90596e+35;
-5.90586e+35;
-5.90575e+35;
-5.90564e+35;
-5.90553e+35;
-5.90543e+35;
-5.90532e+35;
-5.90521e+35;
-5.9051e+35;
-5.90499e+35;
-5.90489e+35;
-5.90478e+35;
-5.90467e+35;
-5.90457e+35;
-5.90446e+35;
-5.90435e+35;
-5.90425e+35;
-5.90414e+35;
-5.90403e+35;
-5.90393e+35;
-5.90383e+35;
-5.90372e+35;
-5.90362e+35;
-5.90351e+35;
-5.90341e+35;
-5.90331e+35;
-5.90321e+35;
-5.90311e+35;
-5.90301e+35;
-5.90291e+35;
-5.90281e+35;
-5.90271e+35;
-5.90261e+35;
-5.90251e+35;
-5.90241e+35;
-5.90232e+35;
-5.90222e+35;
-5.90212e+35