-5.95314e+35;
-5.95309e+35;
-5.95303e+35;
-5.95296e+35;
-5.95288e+35;
-5.9528e+35;
-5.9527e+35;
-5.95261e+35;
-5.9525e+35;
-5.95239e+35;
-5.95227e+35;
-5.95215e+35;
-5.95202e+35;
-5.95188e+35;
-5.95173e+35;
-5.95158e+35;
-5.95142e+35;
-5.95126e+35;
-5.95109e+35;
-5.95091e+35;
-5.95073e+35;
-5.95054e+35;
-5.95034e+35;
-5.95014e+35;
-5.94993e+35;
-5.94971e+35;
-5.94949e+35;
-5.94927e+35;
-5.94903e+35;
-5.9488e+35;
-5.94855e+35;
-5.9483e+35;
-5.94805e+35;
-5.94779e+35;
-5.94752e+35;
-5.94725e+35;
-5.94697e+35;
-5.94669e+35;
-5.9464e+35;
-5.94611e+35;
-5.94581e+35;
-5.94551e+35;
-5.9452e+35;
-5.94489e+35;
-5.94457e+35;
-5.94425e+35;
-5.94393e+35;
-5.9436e+35;
-5.94326e+35;
-5.94292e+35;
-5.94258e+35;
-5.94223e+35;
-5.94188e+35;
-5.94153e+35;
-5.94117e+35;
-5.94081e+35;
-5.94044e+35;
-5.94007e+35;
-5.9397e+35;
-5.93932e+35;
-5.93894e+35;
-5.93855e+35;
-5.93817e+35;
-5.93777e+35;
-5.93738e+35;
-5.93698e+35;
-5.93658e+35;
-5.93618e+35;
-5.93577e+35;
-5.93537e+35;
-5.93495e+35;
-5.93454e+35;
-5.93412e+35;
-5.9337e+35;
-5.93328e+35;
-5.93286e+35;
-5.93243e+35;
-5.932e+35;
-5.93157e+35;
-5.93114e+35;
-5.9307e+35;
-5.93026e+35;
-5.92982e+35;
-5.92938e+35;
-5.92894e+35;
-5.92849e+35;
-5.92804e+35;
-5.9276e+35;
-5.92714e+35;
-5.92669e+35;
-5.92624e+35;
-5.92578e+35;
-5.92532e+35;
-5.92487e+35;
-5.92441e+35;
-5.92394e+35;
-5.92348e+35;
-5.92302e+35;
-5.92255e+35;
-5.92208e+35;
-5.92162e+35;
-5.92115e+35;
-5.92068e+35;
-5.92021e+35;
-5.91973e+35;
-5.91926e+35;
-5.91879e+35;
-5.91831e+35;
-5.91784e+35;
-5.91736e+35;
-5.91688e+35;
-5.9164e+35;
-5.91593e+35;
-5.91545e+35;
-5.91497e+35;
-5.91448e+35;
-5.914e+35;
-5.91352e+35;
-5.91304e+35;
-5.91255e+35;
-5.91207e+35;
-5.91159e+35;
-5.9111e+35;
-5.91062e+35;
-5.91013e+35;
-5.90965e+35;
-5.90916e+35;
-5.90867e+35;
-5.90819e+35;
-5.9077e+35;
-5.90721e+35;
-5.90672e+35;
-5.90624e+35;
-5.90575e+35;
-5.90526e+35;
-5.90477e+35;
-5.90428e+35;
-5.90379e+35;
-5.9033e+35;
-5.90282e+35;
-5.90233e+35;
-5.90184e+35;
-5.90135e+35;
-5.90086e+35;
-5.90037e+35;
-5.89988e+35;
-5.89939e+35;
-5.8989e+35;
-5.89841e+35;
-5.89792e+35;
-5.89743e+35;
-5.89694e+35;
-5.89646e+35;
-5.89597e+35;
-5.89548e+35;
-5.89499e+35;
-5.8945e+35;
-5.89401e+35;
-5.89352e+35;
-5.89303e+35;
-5.89255e+35;
-5.89206e+35;
-5.89157e+35;
-5.89108e+35;
-5.89059e+35;
-5.89011e+35;
-5.88962e+35;
-5.88913e+35;
-5.88865e+35;
-5.88816e+35;
-5.88767e+35;
-5.88719e+35;
-5.8867e+35;
-5.88622e+35;
-5.88573e+35;
-5.88525e+35;
-5.88476e+35;
-5.88428e+35;
-5.88379e+35;
-5.88331e+35;
-5.88282e+35;
-5.88234e+35;
-5.88186e+35;
-5.88137e+35;
-5.88089e+35;
-5.88041e+35;
-5.87992e+35;
-5.87944e+35;
-5.87896e+35;
-5.87848e+35;
-5.878e+35;
-5.87752e+35;
-5.87704e+35;
-5.87656e+35;
-5.87608e+35;
-5.8756e+35;
-5.87512e+35;
-5.87464e+35;
-5.87416e+35;
-5.87368e+35;
-5.8732e+35;
-5.87273e+35;
-5.87225e+35;
-5.87177e+35;
-5.87129e+35;
-5.87082e+35;
-5.87034e+35;
-5.86986e+35;
-5.86939e+35;
-5.86891e+35;
-5.86844e+35;
-5.86796e+35;
-5.86749e+35;
-5.86701e+35;
-5.86654e+35;
-5.86607e+35;
-5.86559e+35;
-5.86512e+35;
-5.86465e+35;
-5.86417e+35;
-5.8637e+35;
-5.86323e+35;
-5.86276e+35;
-5.86229e+35;
-5.86182e+35;
-5.86134e+35;
-5.86087e+35;
-5.8604e+35;
-5.85993e+35;
-5.85946e+35;
-5.859e+35;
-5.85853e+35;
-5.85806e+35;
-5.85759e+35;
-5.85712e+35;
-5.85665e+35;
-5.85618e+35;
-5.85572e+35;
-5.85525e+35;
-5.85478e+35;
-5.85432e+35;
-5.85385e+35;
-5.85338e+35;
-5.85292e+35;
-5.85245e+35;
-5.85199e+35;
-5.85152e+35;
-5.85106e+35;
-5.85059e+35;
-5.85013e+35;
-5.84966e+35;
-5.8492e+35;
-5.84874e+35;
-5.84827e+35;
-5.84781e+35;
-5.84735e+35;
-5.84688e+35;
-5.84642e+35;
-5.84596e+35;
-5.8455e+35;
-5.84503e+35;
-5.84457e+35;
-5.84411e+35;
-5.84365e+35;
-5.84319e+35;
-5.84273e+35;
-5.84227e+35;
-5.84181e+35;
-5.84134e+35;
-5.84088e+35;
-5.84042e+35;
-5.83996e+35;
-5.83951e+35;
-5.83905e+35;
-5.83859e+35;
-5.83813e+35;
-5.83767e+35;
-5.83721e+35;
-5.83675e+35;
-5.83629e+35;
-5.83583e+35;
-5.83538e+35;
-5.83492e+35;
-5.83446e+35;
-5.834e+35;
-5.83354e+35;
-5.83309e+35;
-5.83263e+35;
-5.83217e+35;
-5.83172e+35;
-5.83126e+35;
-5.8308e+35;
-5.83034e+35;
-5.82989e+35;
-5.82943e+35;
-5.82898e+35;
-5.82852e+35;
-5.82806e+35;
-5.82761e+35;
-5.82715e+35;
-5.8267e+35;
-5.82624e+35;
-5.82578e+35;
-5.82533e+35;
-5.82487e+35;
-5.82442e+35;
-5.82396e+35;
-5.82351e+35;
-5.82305e+35;
-5.8226e+35;
-5.82214e+35;
-5.82169e+35;
-5.82123e+35;
-5.82078e+35;
-5.82032e+35;
-5.81987e+35;
-5.81941e+35;
-5.81896e+35;
-5.8185e+35;
-5.81805e+35;
-5.8176e+35;
-5.81714e+35;
-5.81669e+35;
-5.81623e+35;
-5.81578e+35;
-5.81532e+35;
-5.81487e+35;
-5.81442e+35;
-5.81396e+35;
-5.81351e+35;
-5.81305e+35;
-5.8126e+35;
-5.81215e+35;
-5.81169e+35;
-5.81124e+35;
-5.81078e+35;
-5.81033e+35;
-5.80988e+35;
-5.80942e+35;
-5.80897e+35;
-5.80851e+35;
-5.80806e+35;
-5.80761e+35;
-5.80715e+35;
-5.8067e+35;
-5.80624e+35;
-5.80579e+35;
-5.80534e+35;
-5.80488e+35;
-5.80443e+35;
-5.80397e+35;
-5.80352e+35;
-5.80306e+35;
-5.80261e+35;
-5.80216e+35;
-5.8017e+35;
-5.80125e+35;
-5.80079e+35;
-5.80034e+35;
-5.79988e+35;
-5.79943e+35;
-5.79897e+35;
-5.79852e+35;
-5.79806e+35;
-5.79761e+35;
-5.79715e+35;
-5.7967e+35;
-5.79624e+35;
-5.79579e+35;
-5.79533e+35;
-5.79488e+35;
-5.79442e+35;
-5.79397e+35;
-5.79351e+35;
-5.79306e+35;
-5.7926e+35;
-5.79215e+35;
-5.79169e+35;
-5.79123e+35;
-5.79078e+35;
-5.79032e+35;
-5.78986e+35;
-5.78941e+35;
-5.78895e+35;
-5.7885e+35;
-5.78804e+35;
-5.78758e+35;
-5.78713e+35;
-5.78667e+35;
-5.78621e+35;
-5.78575e+35;
-5.7853e+35;
-5.78484e+35;
-5.78438e+35;
-5.78392e+35;
-5.78347e+35;
-5.78301e+35;
-5.78255e+35;
-5.78209e+35;
-5.78163e+35;
-5.78118e+35;
-5.78072e+35;
-5.78026e+35;
-5.7798e+35;
-5.77934e+35;
-5.77888e+35;
-5.77842e+35;
-5.77796e+35;
-5.7775e+35;
-5.77704e+35;
-5.77658e+35;
-5.77612e+35;
-5.77566e+35;
-5.7752e+35;
-5.77474e+35;
-5.77428e+35;
-5.77382e+35;
-5.77336e+35;
-5.7729e+35;
-5.77244e+35;
-5.77198e+35;
-5.77151e+35;
-5.77105e+35;
-5.77059e+35;
-5.77013e+35;
-5.76967e+35;
-5.7692e+35;
-5.76874e+35;
-5.76828e+35;
-5.76781e+35;
-5.76735e+35;
-5.76689e+35;
-5.76642e+35;
-5.76596e+35;
-5.7655e+35;
-5.76503e+35;
-5.76457e+35;
-5.7641e+35;
-5.76364e+35;
-5.76317e+35;
-5.76271e+35;
-5.76224e+35;
-5.76178e+35;
-5.76131e+35;
-5.76085e+35;
-5.76038e+35;
-5.75991e+35;
-5.75945e+35;
-5.75898e+35;
-5.75851e+35;
-5.75805e+35;
-5.75758e+35;
-5.75711e+35;
-5.75664e+35;
-5.75618e+35;
-5.75571e+35;
-5.75524e+35;
-5.75477e+35;
-5.7543e+35;
-5.75383e+35;
-5.75336e+35;
-5.75289e+35;
-5.75242e+35;
-5.75195e+35;
-5.75148e+35;
-5.75101e+35;
-5.75054e+35;
-5.75007e+35;
-5.7496e+35;
-5.74913e+35;
-5.74866e+35;
-5.74819e+35;
-5.74771e+35;
-5.74724e+35;
-5.74677e+35;
-5.7463e+35;
-5.74582e+35;
-5.74535e+35;
-5.74488e+35;
-5.7444e+35;
-5.74393e+35;
-5.74346e+35;
-5.74298e+35;
-5.74251e+35;
-5.74203e+35;
-5.74156e+35;
-5.74108e+35;
-5.7406e+35;
-5.74013e+35;
-5.73965e+35;
-5.73918e+35;
-5.7387e+35;
-5.73822e+35;
-5.73775e+35;
-5.73727e+35;
-5.73679e+35;
-5.73631e+35;
-5.73583e+35;
-5.73536e+35;
-5.73488e+35;
-5.7344e+35;
-5.73392e+35;
-5.73344e+35;
-5.73296e+35;
-5.73248e+35;
-5.732e+35;
-5.73152e+35;
-5.73104e+35;
-5.73056e+35;
-5.73007e+35;
-5.72959e+35;
-5.72911e+35;
-5.72863e+35;
-5.72815e+35;
-5.72766e+35;
-5.72718e+35;
-5.7267e+35;
-5.72621e+35;
-5.72573e+35;
-5.72525e+35;
-5.72476e+35;
-5.72428e+35;
-5.72379e+35;
-5.72331e+35;
-5.72282e+35;
-5.72233e+35;
-5.72185e+35;
-5.72136e+35;
-5.72088e+35;
-5.72039e+35;
-5.7199e+35;
-5.71941e+35;
-5.71893e+35;
-5.71844e+35;
-5.71795e+35;
-5.71746e+35;
-5.71697e+35;
-5.71648e+35;
-5.71599e+35;
-5.7155e+35;
-5.71501e+35;
-5.71452e+35;
-5.71403e+35;
-5.71354e+35;
-5.71305e+35;
-5.71256e+35;
-5.71207e+35;
-5.71157e+35;
-5.71108e+35;
-5.71059e+35;
-5.7101e+35;
-5.7096e+35;
-5.70911e+35;
-5.70861e+35;
-5.70812e+35;
-5.70763e+35;
-5.70713e+35;
-5.70664e+35;
-5.70614e+35;
-5.70564e+35;
-5.70515e+35;
-5.70465e+35;
-5.70416e+35;
-5.70366e+35;
-5.70316e+35;
-5.70266e+35;
-5.70217e+35;
-5.70167e+35;
-5.70117e+35;
-5.70067e+35;
-5.70017e+35;
-5.69967e+35;
-5.69917e+35;
-5.69867e+35;
-5.69817e+35;
-5.69767e+35;
-5.69717e+35;
-5.69667e+35;
-5.69617e+35;
-5.69566e+35;
-5.69516e+35;
-5.69466e+35;
-5.69416e+35;
-5.69365e+35;
-5.69315e+35;
-5.69265e+35;
-5.69214e+35;
-5.69164e+35;
-5.69113e+35;
-5.69063e+35;
-5.69012e+35;
-5.68962e+35;
-5.68911e+35;
-5.68861e+35;
-5.6881e+35;
-5.68759e+35;
-5.68708e+35;
-5.68658e+35;
-5.68607e+35;
-5.68556e+35;
-5.68505e+35;
-5.68454e+35;
-5.68403e+35;
-5.68353e+35;
-5.68302e+35;
-5.68251e+35;
-5.682e+35;
-5.68148e+35;
-5.68097e+35;
-5.68046e+35;
-5.67995e+35;
-5.67944e+35;
-5.67893e+35;
-5.67841e+35;
-5.6779e+35;
-5.67739e+35;
-5.67687e+35;
-5.67636e+35;
-5.67585e+35;
-5.67533e+35;
-5.67482e+35;
-5.6743e+35;
-5.67379e+35;
-5.67327e+35;
-5.67275e+35;
-5.67224e+35;
-5.67172e+35;
-5.6712e+35;
-5.67069e+35;
-5.67017e+35;
-5.66965e+35;
-5.66913e+35;
-5.66861e+35;
-5.66809e+35;
-5.66757e+35;
-5.66705e+35;
-5.66653e+35;
-5.66601e+35;
-5.66549e+35;
-5.66497e+35;
-5.66445e+35;
-5.66393e+35;
-5.66341e+35;
-5.66288e+35;
-5.66236e+35;
-5.66184e+35;
-5.66131e+35;
-5.66079e+35;
-5.66027e+35;
-5.65974e+35;
-5.65922e+35;
-5.65869e+35;
-5.65817e+35;
-5.65764e+35;
-5.65712e+35;
-5.65659e+35;
-5.65606e+35;
-5.65554e+35;
-5.65501e+35;
-5.65448e+35;
-5.65395e+35;
-5.65342e+35;
-5.6529e+35;
-5.65237e+35;
-5.65184e+35;
-5.65131e+35;
-5.65078e+35;
-5.65025e+35;
-5.64972e+35;
-5.64919e+35;
-5.64866e+35;
-5.64812e+35;
-5.64759e+35;
-5.64706e+35;
-5.64653e+35;
-5.64599e+35;
-5.64546e+35;
-5.64493e+35;
-5.64439e+35;
-5.64386e+35;
-5.64333e+35;
-5.64279e+35;
-5.64225e+35;
-5.64172e+35;
-5.64118e+35;
-5.64065e+35;
-5.64011e+35;
-5.63957e+35;
-5.63904e+35;
-5.6385e+35;
-5.63796e+35;
-5.63742e+35;
-5.63688e+35;
-5.63635e+35;
-5.63581e+35;
-5.63527e+35;
-5.63473e+35;
-5.63419e+35;
-5.63365e+35;
-5.63311e+35;
-5.63257e+35;
-5.63202e+35;
-5.63148e+35;
-5.63094e+35;
-5.6304e+35;
-5.62985e+35;
-5.62931e+35;
-5.62877e+35;
-5.62822e+35;
-5.62768e+35;
-5.62714e+35;
-5.62659e+35;
-5.62605e+35;
-5.6255e+35;
-5.62495e+35;
-5.62441e+35;
-5.62386e+35;
-5.62332e+35;
-5.62277e+35;
-5.62222e+35;
-5.62167e+35;
-5.62113e+35;
-5.62058e+35;
-5.62003e+35;
-5.61948e+35;
-5.61893e+35;
-5.61838e+35;
-5.61783e+35;
-5.61728e+35;
-5.61673e+35;
-5.61618e+35;
-5.61563e+35;
-5.61507e+35;
-5.61452e+35;
-5.61397e+35;
-5.61342e+35;
-5.61286e+35;
-5.61231e+35;
-5.61176e+35;
-5.6112e+35;
-5.61065e+35;
-5.6101e+35;
-5.60954e+35;
-5.60899e+35;
-5.60843e+35;
-5.60787e+35;
-5.60732e+35;
-5.60676e+35;
-5.6062e+35;
-5.60565e+35;
-5.60509e+35;
-5.60453e+35;
-5.60397e+35;
-5.60341e+35;
-5.60286e+35;
-5.6023e+35;
-5.60174e+35;
-5.60118e+35;
-5.60062e+35;
-5.60006e+35;
-5.5995e+35;
-5.59893e+35;
-5.59837e+35;
-5.59781e+35;
-5.59725e+35;
-5.59669e+35;
-5.59612e+35;
-5.59556e+35;
-5.595e+35;
-5.59443e+35;
-5.59387e+35;
-5.59331e+35;
-5.59274e+35;
-5.59218e+35;
-5.59161e+35;
-5.59105e+35;
-5.59048e+35;
-5.58991e+35;
-5.58935e+35;
-5.58878e+35;
-5.58821e+35;
-5.58764e+35;
-5.58708e+35;
-5.58651e+35;
-5.58594e+35;
-5.58537e+35;
-5.5848e+35;
-5.58423e+35;
-5.58366e+35;
-5.58309e+35;
-5.58252e+35;
-5.58195e+35;
-5.58138e+35;
-5.58081e+35;
-5.58024e+35;
-5.57967e+35;
-5.57909e+35;
-5.57852e+35;
-5.57795e+35;
-5.57737e+35;
-5.5768e+35;
-5.57623e+35;
-5.57565e+35;
-5.57508e+35;
-5.5745e+35;
-5.57393e+35;
-5.57335e+35;
-5.57278e+35;
-5.5722e+35;
-5.57162e+35;
-5.57105e+35;
-5.57047e+35;
-5.56989e+35;
-5.56931e+35;
-5.56874e+35;
-5.56816e+35;
-5.56758e+35;
-5.567e+35;
-5.56642e+35;
-5.56584e+35;
-5.56526e+35;
-5.56468e+35;
-5.5641e+35;
-5.56352e+35;
-5.56294e+35;
-5.56236e+35;
-5.56178e+35;
-5.56119e+35;
-5.56061e+35;
-5.56003e+35;
-5.55945e+35;
-5.55886e+35;
-5.55828e+35;
-5.55769e+35;
-5.55711e+35;
-5.55653e+35;
-5.55594e+35;
-5.55536e+35;
-5.55477e+35;
-5.55418e+35;
-5.5536e+35;
-5.55301e+35;
-5.55242e+35;
-5.55184e+35;
-5.55125e+35;
-5.55066e+35;
-5.55007e+35;
-5.54949e+35;
-5.5489e+35;
-5.54831e+35;
-5.54772e+35;
-5.54713e+35;
-5.54654e+35;
-5.54595e+35;
-5.54536e+35;
-5.54477e+35;
-5.54418e+35;
-5.54359e+35;
-5.543e+35;
-5.5424e+35;
-5.54181e+35;
-5.54122e+35;
-5.54063e+35;
-5.54003e+35;
-5.53944e+35;
-5.53885e+35;
-5.53825e+35;
-5.53766e+35;
-5.53706e+35;
-5.53647e+35;
-5.53587e+35;
-5.53528e+35;
-5.53468e+35;
-5.53409e+35;
-5.53349e+35;
-5.53289e+35;
-5.5323e+35;
-5.5317e+35;
-5.5311e+35;
-5.5305e+35;
-5.5299e+35;
-5.52931e+35;
-5.52871e+35;
-5.52811e+35;
-5.52751e+35;
-5.52691e+35;
-5.52631e+35;
-5.52571e+35;
-5.52511e+35;
-5.52451e+35;
-5.52391e+35;
-5.5233e+35;
-5.5227e+35;
-5.5221e+35;
-5.5215e+35;
-5.5209e+35;
-5.52029e+35;
-5.51969e+35;
-5.51909e+35;
-5.51848e+35;
-5.51788e+35;
-5.51727e+35;
-5.51667e+35;
-5.51607e+35;
-5.51546e+35;
-5.51485e+35;
-5.51425e+35;
-5.51364e+35;
-5.51304e+35;
-5.51243e+35;
-5.51182e+35;
-5.51122e+35;
-5.51061e+35;
-5.51e+35;
-5.50939e+35;
-5.50878e+35;
-5.50818e+35;
-5.50757e+35;
-5.50696e+35;
-5.50635e+35;
-5.50574e+35;
-5.50513e+35;
-5.50452e+35;
-5.50391e+35;
-5.5033e+35;
-5.50268e+35;
-5.50207e+35;
-5.50146e+35;
-5.50085e+35;
-5.50024e+35;
-5.49962e+35;
-5.49901e+35;
-5.4984e+35;
-5.49779e+35;
-5.49717e+35;
-5.49656e+35;
-5.49594e+35;
-5.49533e+35;
-5.49471e+35;
-5.4941e+35;
-5.49348e+35;
-5.49287e+35;
-5.49225e+35;
-5.49164e+35;
-5.49102e+35;
-5.4904e+35;
-5.48979e+35;
-5.48917e+35;
-5.48855e+35;
-5.48793e+35;
-5.48731e+35;
-5.4867e+35;
-5.48608e+35;
-5.48546e+35;
-5.48484e+35;
-5.48422e+35;
-5.4836e+35;
-5.48298e+35;
-5.48236e+35;
-5.48174e+35;
-5.48112e+35;
-5.4805e+35;
-5.47988e+35;
-5.47925e+35;
-5.47863e+35;
-5.47801e+35;
-5.47739e+35;
-5.47677e+35;
-5.47614e+35;
-5.47552e+35;
-5.4749e+35;
-5.47427e+35;
-5.47365e+35;
-5.47302e+35;
-5.4724e+35;
-5.47177e+35;
-5.47115e+35;
-5.47052e+35;
-5.4699e+35;
-5.46927e+35;
-5.46865e+35;
-5.46802e+35;
-5.46739e+35;
-5.46677e+35;
-5.46614e+35;
-5.46551e+35;
-5.46488e+35;
-5.46426e+35;
-5.46363e+35;
-5.463e+35;
-5.46237e+35;
-5.46174e+35;
-5.46111e+35;
-5.46048e+35;
-5.45985e+35;
-5.45922e+35;
-5.45859e+35;
-5.45796e+35;
-5.45733e+35