-5.95314e+35;
-5.9531e+35;
-5.95305e+35;
-5.953e+35;
-5.95295e+35;
-5.95289e+35;
-5.95283e+35;
-5.95276e+35;
-5.95269e+35;
-5.95261e+35;
-5.95254e+35;
-5.95245e+35;
-5.95237e+35;
-5.95228e+35;
-5.95218e+35;
-5.95208e+35;
-5.95198e+35;
-5.95188e+35;
-5.95177e+35;
-5.95165e+35;
-5.95154e+35;
-5.95142e+35;
-5.95129e+35;
-5.95116e+35;
-5.95103e+35;
-5.9509e+35;
-5.95076e+35;
-5.95061e+35;
-5.95047e+35;
-5.95032e+35;
-5.95017e+35;
-5.95001e+35;
-5.94985e+35;
-5.94969e+35;
-5.94952e+35;
-5.94935e+35;
-5.94917e+35;
-5.949e+35;
-5.94882e+35;
-5.94863e+35;
-5.94845e+35;
-5.94826e+35;
-5.94807e+35;
-5.94787e+35;
-5.94767e+35;
-5.94747e+35;
-5.94726e+35;
-5.94706e+35;
-5.94685e+35;
-5.94663e+35;
-5.94642e+35;
-5.9462e+35;
-5.94598e+35;
-5.94575e+35;
-5.94552e+35;
-5.94529e+35;
-5.94506e+35;
-5.94483e+35;
-5.94459e+35;
-5.94435e+35;
-5.94411e+35;
-5.94386e+35;
-5.94361e+35;
-5.94336e+35;
-5.94311e+35;
-5.94286e+35;
-5.9426e+35;
-5.94234e+35;
-5.94208e+35;
-5.94182e+35;
-5.94155e+35;
-5.94129e+35;
-5.94102e+35;
-5.94075e+35;
-5.94047e+35;
-5.9402e+35;
-5.93992e+35;
-5.93964e+35;
-5.93936e+35;
-5.93908e+35;
-5.93879e+35;
-5.93851e+35;
-5.93822e+35;
-5.93793e+35;
-5.93764e+35;
-5.93735e+35;
-5.93705e+35;
-5.93676e+35;
-5.93646e+35;
-5.93616e+35;
-5.93586e+35;
-5.93556e+35;
-5.93526e+35;
-5.93496e+35;
-5.93465e+35;
-5.93434e+35;
-5.93404e+35;
-5.93373e+35;
-5.93342e+35;
-5.93311e+35;
-5.93279e+35;
-5.93248e+35;
-5.93216e+35;
-5.93185e+35;
-5.93153e+35;
-5.93121e+35;
-5.93089e+35;
-5.93057e+35;
-5.93025e+35;
-5.92993e+35;
-5.92961e+35;
-5.92929e+35;
-5.92896e+35;
-5.92864e+35;
-5.92831e+35;
-5.92798e+35;
-5.92766e+35;
-5.92733e+35;
-5.927e+35;
-5.92667e+35;
-5.92634e+35;
-5.92601e+35;
-5.92568e+35;
-5.92534e+35;
-5.92501e+35;
-5.92468e+35;
-5.92434e+35;
-5.92401e+35;
-5.92368e+35;
-5.92334e+35;
-5.923e+35;
-5.92267e+35;
-5.92233e+35;
-5.92199e+35;
-5.92166e+35;
-5.92132e+35;
-5.92098e+35;
-5.92064e+35;
-5.9203e+35;
-5.91996e+35;
-5.91962e+35;
-5.91928e+35;
-5.91894e+35;
-5.9186e+35;
-5.91826e+35;
-5.91792e+35;
-5.91757e+35;
-5.91723e+35;
-5.91689e+35;
-5.91655e+35;
-5.91621e+35;
-5.91586e+35;
-5.91552e+35;
-5.91518e+35;
-5.91483e+35;
-5.91449e+35;
-5.91415e+35;
-5.9138e+35;
-5.91346e+35;
-5.91311e+35;
-5.91277e+35;
-5.91243e+35;
-5.91208e+35;
-5.91174e+35;
-5.91139e+35;
-5.91105e+35;
-5.9107e+35;
-5.91036e+35;
-5.91001e+35;
-5.90967e+35;
-5.90933e+35;
-5.90898e+35;
-5.90864e+35;
-5.90829e+35;
-5.90795e+35;
-5.9076e+35;
-5.90726e+35;
-5.90691e+35;
-5.90657e+35;
-5.90622e+35;
-5.90588e+35;
-5.90553e+35;
-5.90519e+35;
-5.90485e+35;
-5.9045e+35;
-5.90416e+35;
-5.90381e+35;
-5.90347e+35;
-5.90312e+35;
-5.90278e+35;
-5.90244e+35;
-5.90209e+35;
-5.90175e+35;
-5.90141e+35;
-5.90106e+35;
-5.90072e+35;
-5.90038e+35;
-5.90003e+35;
-5.89969e+35;
-5.89935e+35;
-5.899e+35;
-5.89866e+35;
-5.89832e+35;
-5.89798e+35;
-5.89764e+35;
-5.89729e+35;
-5.89695e+35;
-5.89661e+35;
-5.89627e+35;
-5.89593e+35;
-5.89559e+35;
-5.89524e+35;
-5.8949e+35;
-5.89456e+35;
-5.89422e+35;
-5.89388e+35;
-5.89354e+35;
-5.8932e+35;
-5.89286e+35;
-5.89252e+35;
-5.89218e+35;
-5.89184e+35;
-5.8915e+35;
-5.89117e+35;
-5.89083e+35;
-5.89049e+35;
-5.89015e+35;
-5.88981e+35;
-5.88947e+35;
-5.88914e+35;
-5.8888e+35;
-5.88846e+35;
-5.88812e+35;
-5.88779e+35;
-5.88745e+35;
-5.88711e+35;
-5.88678e+35;
-5.88644e+35;
-5.8861e+35;
-5.88577e+35;
-5.88543e+35;
-5.8851e+35;
-5.88476e+35;
-5.88442e+35;
-5.88409e+35;
-5.88375e+35;
-5.88342e+35;
-5.88309e+35;
-5.88275e+35;
-5.88242e+35;
-5.88208e+35;
-5.88175e+35;
-5.88142e+35;
-5.88108e+35;
-5.88075e+35;
-5.88042e+35;
-5.88008e+35;
-5.87975e+35;
-5.87942e+35;
-5.87909e+35;
-5.87876e+35;
-5.87842e+35;
-5.87809e+35;
-5.87776e+35;
-5.87743e+35;
-5.8771e+35;
-5.87677e+35;
-5.87644e+35;
-5.87611e+35;
-5.87578e+35;
-5.87545e+35;
-5.87512e+35;
-5.87479e+35;
-5.87446e+35;
-5.87413e+35;
-5.8738e+35;
-5.87347e+35;
-5.87314e+35;
-5.87281e+35;
-5.87248e+35;
-5.87216e+35;
-5.87183e+35;
-5.8715e+35;
-5.87117e+35;
-5.87085e+35;
-5.87052e+35;
-5.87019e+35;
-5.86986e+35;
-5.86954e+35;
-5.86921e+35;
-5.86888e+35;
-5.86856e+35;
-5.86823e+35;
-5.86791e+35;
-5.86758e+35;
-5.86725e+35;
-5.86693e+35;
-5.8666e+35;
-5.86628e+35;
-5.86595e+35;
-5.86563e+35;
-5.8653e+35;
-5.86498e+35;
-5.86466e+35;
-5.86433e+35;
-5.86401e+35;
-5.86368e+35;
-5.86336e+35;
-5.86304e+35;
-5.86271e+35;
-5.86239e+35;
-5.86207e+35;
-5.86174e+35;
-5.86142e+35;
-5.8611e+35;
-5.86078e+35;
-5.86045e+35;
-5.86013e+35;
-5.85981e+35;
-5.85949e+35;
-5.85917e+35;
-5.85885e+35;
-5.85852e+35;
-5.8582e+35;
-5.85788e+35;
-5.85756e+35;
-5.85724e+35;
-5.85692e+35;
-5.8566e+35;
-5.85628e+35;
-5.85596e+35;
-5.85564e+35;
-5.85532e+35;
-5.855e+35;
-5.85468e+35;
-5.85436e+35;
-5.85404e+35;
-5.85372e+35;
-5.8534e+35;
-5.85308e+35;
-5.85276e+35;
-5.85244e+35;
-5.85212e+35;
-5.85181e+35;
-5.85149e+35;
-5.85117e+35;
-5.85085e+35;
-5.85053e+35;
-5.85021e+35;
-5.8499e+35;
-5.84958e+35;
-5.84926e+35;
-5.84894e+35;
-5.84863e+35;
-5.84831e+35;
-5.84799e+35;
-5.84767e+35;
-5.84736e+35;
-5.84704e+35;
-5.84672e+35;
-5.84641e+35;
-5.84609e+35;
-5.84577e+35;
-5.84546e+35;
-5.84514e+35;
-5.84482e+35;
-5.84451e+35;
-5.84419e+35;
-5.84388e+35;
-5.84356e+35;
-5.84324e+35;
-5.84293e+35;
-5.84261e+35;
-5.8423e+35;
-5.84198e+35;
-5.84167e+35;
-5.84135e+35;
-5.84104e+35;
-5.84072e+35;
-5.84041e+35;
-5.84009e+35;
-5.83978e+35;
-5.83946e+35;
-5.83915e+35;
-5.83883e+35;
-5.83852e+35;
-5.8382e+35;
-5.83789e+35;
-5.83757e+35;
-5.83726e+35;
-5.83695e+35;
-5.83663e+35;
-5.83632e+35;
-5.836e+35;
-5.83569e+35;
-5.83538e+35;
-5.83506e+35;
-5.83475e+35;
-5.83444e+35;
-5.83412e+35;
-5.83381e+35;
-5.8335e+35;
-5.83318e+35;
-5.83287e+35;
-5.83256e+35;
-5.83224e+35;
-5.83193e+35;
-5.83162e+35;
-5.8313e+35;
-5.83099e+35;
-5.83068e+35;
-5.83037e+35;
-5.83005e+35;
-5.82974e+35;
-5.82943e+35;
-5.82912e+35;
-5.8288e+35;
-5.82849e+35;
-5.82818e+35;
-5.82787e+35;
-5.82755e+35;
-5.82724e+35;
-5.82693e+35;
-5.82662e+35;
-5.82631e+35;
-5.82599e+35;
-5.82568e+35;
-5.82537e+35;
-5.82506e+35;
-5.82475e+35;
-5.82443e+35;
-5.82412e+35;
-5.82381e+35;
-5.8235e+35;
-5.82319e+35;
-5.82288e+35;
-5.82256e+35;
-5.82225e+35;
-5.82194e+35;
-5.82163e+35;
-5.82132e+35;
-5.82101e+35;
-5.82069e+35;
-5.82038e+35;
-5.82007e+35;
-5.81976e+35;
-5.81945e+35;
-5.81914e+35;
-5.81883e+35;
-5.81852e+35;
-5.8182e+35;
-5.81789e+35;
-5.81758e+35;
-5.81727e+35;
-5.81696e+35;
-5.81665e+35;
-5.81634e+35;
-5.81603e+35;
-5.81571e+35;
-5.8154e+35;
-5.81509e+35;
-5.81478e+35;
-5.81447e+35;
-5.81416e+35;
-5.81385e+35;
-5.81354e+35;
-5.81322e+35;
-5.81291e+35;
-5.8126e+35;
-5.81229e+35;
-5.81198e+35;
-5.81167e+35;
-5.81136e+35;
-5.81104e+35;
-5.81073e+35;
-5.81042e+35;
-5.81011e+35;
-5.8098e+35;
-5.80949e+35;
-5.80917e+35;
-5.80886e+35;
-5.80855e+35;
-5.80824e+35;
-5.80793e+35;
-5.80761e+35;
-5.8073e+35;
-5.80699e+35;
-5.80668e+35;
-5.80637e+35;
-5.80605e+35;
-5.80574e+35;
-5.80543e+35;
-5.80512e+35;
-5.8048e+35;
-5.80449e+35;
-5.80418e+35;
-5.80386e+35;
-5.80355e+35;
-5.80324e+35;
-5.80292e+35;
-5.80261e+35;
-5.8023e+35;
-5.80198e+35;
-5.80167e+35;
-5.80135e+35;
-5.80104e+35;
-5.80073e+35;
-5.80041e+35;
-5.8001e+35;
-5.79978e+35;
-5.79947e+35;
-5.79915e+35;
-5.79884e+35;
-5.79852e+35;
-5.7982e+35;
-5.79789e+35;
-5.79757e+35;
-5.79726e+35;
-5.79694e+35;
-5.79662e+35;
-5.7963e+35;
-5.79599e+35;
-5.79567e+35;
-5.79535e+35;
-5.79503e+35;
-5.79471e+35;
-5.79439e+35;
-5.79408e+35;
-5.79376e+35;
-5.79344e+35;
-5.79312e+35;
-5.7928e+35;
-5.79248e+35;
-5.79215e+35;
-5.79183e+35;
-5.79151e+35;
-5.79119e+35;
-5.79087e+35;
-5.79054e+35;
-5.79022e+35;
-5.7899e+35;
-5.78957e+35;
-5.78925e+35;
-5.78893e+35;
-5.7886e+35;
-5.78827e+35;
-5.78795e+35;
-5.78762e+35;
-5.7873e+35;
-5.78697e+35;
-5.78664e+35;
-5.78631e+35;
-5.78599e+35;
-5.78566e+35;
-5.78533e+35;
-5.785e+35;
-5.78467e+35;
-5.78434e+35;
-5.784e+35;
-5.78367e+35;
-5.78334e+35;
-5.78301e+35;
-5.78267e+35;
-5.78234e+35;
-5.78201e+35;
-5.78167e+35;
-5.78134e+35;
-5.781e+35;
-5.78066e+35;
-5.78033e+35;
-5.77999e+35;
-5.77965e+35;
-5.77931e+35;
-5.77898e+35;
-5.77864e+35;
-5.7783e+35;
-5.77796e+35;
-5.77761e+35;
-5.77727e+35;
-5.77693e+35;
-5.77659e+35;
-5.77625e+35;
-5.7759e+35;
-5.77556e+35;
-5.77521e+35;
-5.77487e+35;
-5.77452e+35;
-5.77417e+35;
-5.77383e+35;
-5.77348e+35;
-5.77313e+35;
-5.77278e+35;
-5.77243e+35;
-5.77208e+35;
-5.77173e+35;
-5.77138e+35;
-5.77103e+35;
-5.77068e+35;
-5.77033e+35;
-5.76998e+35;
-5.76962e+35;
-5.76927e+35;
-5.76892e+35;
-5.76856e+35;
-5.76821e+35;
-5.76785e+35;
-5.76749e+35;
-5.76714e+35;
-5.76678e+35;
-5.76642e+35;
-5.76607e+35;
-5.76571e+35;
-5.76535e+35;
-5.76499e+35;
-5.76463e+35;
-5.76427e+35;
-5.76391e+35;
-5.76355e+35;
-5.76319e+35;
-5.76283e+35;
-5.76246e+35;
-5.7621e+35;
-5.76174e+35;
-5.76137e+35;
-5.76101e+35;
-5.76065e+35;
-5.76028e+35;
-5.75992e+35;
-5.75955e+35;
-5.75919e+35;
-5.75882e+35;
-5.75846e+35;
-5.75809e+35;
-5.75772e+35;
-5.75736e+35;
-5.75699e+35;
-5.75662e+35;
-5.75625e+35;
-5.75589e+35;
-5.75552e+35;
-5.75515e+35;
-5.75478e+35;
-5.75441e+35;
-5.75404e+35;
-5.75367e+35;
-5.7533e+35;
-5.75293e+35;
-5.75256e+35;
-5.75219e+35;
-5.75182e+35;
-5.75145e+35;
-5.75108e+35;
-5.7507e+35;
-5.75033e+35;
-5.74996e+35;
-5.74959e+35;
-5.74921e+35;
-5.74884e+35;
-5.74847e+35;
-5.7481e+35;
-5.74772e+35;
-5.74735e+35;
-5.74698e+35;
-5.7466e+35;
-5.74623e+35;
-5.74585e+35;
-5.74548e+35;
-5.7451e+35;
-5.74473e+35;
-5.74435e+35;
-5.74398e+35;
-5.7436e+35;
-5.74323e+35;
-5.74285e+35;
-5.74248e+35;
-5.7421e+35;
-5.74173e+35;
-5.74135e+35;
-5.74097e+35;
-5.7406e+35;
-5.74022e+35;
-5.73985e+35;
-5.73947e+35;
-5.73909e+35;
-5.73871e+35;
-5.73834e+35;
-5.73796e+35;
-5.73758e+35;
-5.73721e+35;
-5.73683e+35;
-5.73645e+35;
-5.73607e+35;
-5.7357e+35;
-5.73532e+35;
-5.73494e+35;
-5.73456e+35;
-5.73418e+35;
-5.7338e+35;
-5.73343e+35;
-5.73305e+35;
-5.73267e+35;
-5.73229e+35;
-5.73191e+35;
-5.73153e+35;
-5.73115e+35;
-5.73077e+35;
-5.73039e+35;
-5.73001e+35;
-5.72963e+35;
-5.72925e+35;
-5.72888e+35;
-5.7285e+35;
-5.72812e+35;
-5.72774e+35;
-5.72736e+35;
-5.72697e+35;
-5.72659e+35;
-5.72621e+35;
-5.72583e+35;
-5.72545e+35;
-5.72507e+35;
-5.72469e+35;
-5.72431e+35;
-5.72393e+35;
-5.72355e+35;
-5.72317e+35;
-5.72279e+35;
-5.7224e+35;
-5.72202e+35;
-5.72164e+35;
-5.72126e+35;
-5.72088e+35;
-5.7205e+35;
-5.72011e+35;
-5.71973e+35;
-5.71935e+35;
-5.71897e+35;
-5.71859e+35;
-5.7182e+35;
-5.71782e+35;
-5.71744e+35;
-5.71706e+35;
-5.71667e+35;
-5.71629e+35;
-5.71591e+35;
-5.71552e+35;
-5.71514e+35;
-5.71476e+35;
-5.71437e+35;
-5.71399e+35;
-5.71361e+35;
-5.71322e+35;
-5.71284e+35;
-5.71246e+35;
-5.71207e+35;
-5.71169e+35;
-5.7113e+35;
-5.71092e+35;
-5.71053e+35;
-5.71015e+35;
-5.70977e+35;
-5.70938e+35;
-5.709e+35;
-5.70861e+35;
-5.70823e+35;
-5.70784e+35;
-5.70746e+35;
-5.70707e+35;
-5.70669e+35;
-5.7063e+35;
-5.70591e+35;
-5.70553e+35;
-5.70514e+35;
-5.70476e+35;
-5.70437e+35;
-5.70398e+35;
-5.7036e+35;
-5.70321e+35;
-5.70283e+35;
-5.70244e+35;
-5.70205e+35;
-5.70167e+35;
-5.70128e+35;
-5.70089e+35;
-5.7005e+35;
-5.70012e+35;
-5.69973e+35;
-5.69934e+35;
-5.69896e+35;
-5.69857e+35;
-5.69818e+35;
-5.69779e+35;
-5.6974e+35;
-5.69702e+35;
-5.69663e+35;
-5.69624e+35;
-5.69585e+35;
-5.69546e+35;
-5.69507e+35;
-5.69469e+35;
-5.6943e+35;
-5.69391e+35;
-5.69352e+35;
-5.69313e+35;
-5.69274e+35;
-5.69235e+35;
-5.69196e+35;
-5.69157e+35;
-5.69118e+35;
-5.69079e+35;
-5.6904e+35;
-5.69001e+35;
-5.68962e+35;
-5.68923e+35;
-5.68884e+35;
-5.68845e+35;
-5.68806e+35;
-5.68767e+35;
-5.68728e+35;
-5.68689e+35;
-5.6865e+35;
-5.68611e+35;
-5.68571e+35;
-5.68532e+35;
-5.68493e+35;
-5.68454e+35;
-5.68415e+35;
-5.68376e+35;
-5.68336e+35;
-5.68297e+35;
-5.68258e+35;
-5.68219e+35;
-5.68179e+35;
-5.6814e+35;
-5.68101e+35;
-5.68062e+35;
-5.68022e+35;
-5.67983e+35;
-5.67944e+35;
-5.67904e+35;
-5.67865e+35;
-5.67826e+35;
-5.67786e+35;
-5.67747e+35;
-5.67708e+35;
-5.67668e+35;
-5.67629e+35;
-5.67589e+35;
-5.6755e+35;
-5.6751e+35;
-5.67471e+35;
-5.67432e+35;
-5.67392e+35;
-5.67353e+35;
-5.67313e+35;
-5.67274e+35;
-5.67234e+35;
-5.67194e+35;
-5.67155e+35;
-5.67115e+35;
-5.67076e+35;
-5.67036e+35;
-5.66997e+35;
-5.66957e+35;
-5.66917e+35;
-5.66878e+35;
-5.66838e+35;
-5.66798e+35;
-5.66759e+35;
-5.66719e+35;
-5.66679e+35;
-5.6664e+35;
-5.666e+35;
-5.6656e+35;
-5.6652e+35;
-5.66481e+35;
-5.66441e+35;
-5.66401e+35;
-5.66361e+35;
-5.66322e+35;
-5.66282e+35;
-5.66242e+35;
-5.66202e+35;
-5.66162e+35;
-5.66122e+35;
-5.66083e+35;
-5.66043e+35;
-5.66003e+35;
-5.65963e+35;
-5.65923e+35;
-5.65883e+35;
-5.65843e+35;
-5.65803e+35;
-5.65763e+35;
-5.65723e+35;
-5.65683e+35;
-5.65643e+35;
-5.65603e+35;
-5.65563e+35;
-5.65523e+35;
-5.65483e+35;
-5.65443e+35;
-5.65403e+35;
-5.65363e+35;
-5.65323e+35;
-5.65283e+35;
-5.65243e+35;
-5.65203e+35;
-5.65162e+35;
-5.65122e+35;
-5.65082e+35;
-5.65042e+35;
-5.65002e+35;
-5.64962e+35;
-5.64921e+35;
-5.64881e+35;
-5.64841e+35;
-5.64801e+35;
-5.64761e+35;
-5.6472e+35;
-5.6468e+35;
-5.6464e+35;
-5.646e+35;
-5.64559e+35;
-5.64519e+35;
-5.64479e+35;
-5.64438e+35;
-5.64398e+35;
-5.64358e+35;
-5.64317e+35;
-5.64277e+35;
-5.64237e+35;
-5.64196e+35;
-5.64156e+35;
-5.64115e+35;
-5.64075e+35;
-5.64034e+35;
-5.63994e+35;
-5.63954e+35;
-5.63913e+35;
-5.63873e+35;
-5.63832e+35;
-5.63792e+35;
-5.63751e+35;
-5.63711e+35;
-5.6367e+35;
-5.6363e+35;
-5.63589e+35;
-5.63549e+35;
-5.63508e+35;
-5.63467e+35;
-5.63427e+35;
-5.63386e+35;
-5.63346e+35;
-5.63305e+35;
-5.63264e+35;
-5.63224e+35;
-5.63183e+35;
-5.63143e+35;
-5.63102e+35;
-5.63061e+35;
-5.63021e+35;
-5.6298e+35;
-5.62939e+35;
-5.62899e+35;
-5.62858e+35;
-5.62817e+35;
-5.62776e+35;
-5.62736e+35;
-5.62695e+35;
-5.62654e+35;
-5.62613e+35;
-5.62573e+35;
-5.62532e+35;
-5.62491e+35;
-5.6245e+35;
-5.6241e+35;
-5.62369e+35;
-5.62328e+35;
-5.62287e+35;
-5.62246e+35;
-5.62205e+35;
-5.62165e+35;
-5.62124e+35;
-5.62083e+35;
-5.62042e+35;
-5.62001e+35;
-5.6196e+35;
-5.61919e+35;
-5.61878e+35;
-5.61837e+35;
-5.61797e+35;
-5.61756e+35;
-5.61715e+35;
-5.61674e+35;
-5.61633e+35;
-5.61592e+35;
-5.61551e+35;
-5.6151e+35