-5.95314e+35;
-5.95173e+35;
-5.94868e+35;
-5.944e+35;
-5.93769e+35;
-5.92977e+35;
-5.92025e+35;
-5.90913e+35;
-5.89643e+35;
-5.88214e+35;
-5.8662e+35;
-5.84851e+35;
-5.8289e+35;
-5.8071e+35;
-5.78294e+35;
-5.7564e+35;
-5.72772e+35;
-5.69719e+35;
-5.66505e+35;
-5.63143e+35;
-5.59636e+35;
-5.55985e+35;
-5.52187e+35;
-5.4824e+35;
-5.44142e+35;
-5.39891e+35;
-5.35487e+35;
-5.30927e+35;
-5.26212e+35;
-5.2134e+35;
-5.16312e+35;
-5.11127e+35;
-5.05785e+35;
-5.00286e+35;
-4.94631e+35;
-4.8882e+35;
-4.82852e+35;
-4.76728e+35;
-4.70449e+35;
-4.64014e+35;
-4.57424e+35;
-4.5068e+35;
-4.43781e+35;
-4.36728e+35;
-4.29522e+35;
-4.22163e+35;
-4.1465e+35;
-4.06985e+35;
-3.99168e+35;
-3.91199e+35;
-3.83079e+35;
-3.74807e+35;
-3.66385e+35;
-3.57813e+35;
-3.4909e+35;
-3.40218e+35;
-3.31197e+35;
-3.22027e+35;
-3.12708e+35;
-3.0324e+35;
-2.93625e+35;
-2.83863e+35;
-2.73953e+35;
-2.63895e+35;
-2.53692e+35;
-2.43341e+35;
-2.32845e+35;
-2.22203e+35;
-2.11415e+35;
-2.00482e+35;
-1.89404e+35;
-1.78181e+35;
-1.66813e+35;
-1.55302e+35;
-1.43646e+35;
-1.31846e+35;
-1.19903e+35;
-1.07816e+35;
-9.55866e+34;
-8.3214e+34;
-7.06985e+34;
-5.80406e+34;
-4.52403e+34;
-3.22978e+34;
-1.92133e+34;
-5.98701e+33;
7.38091e+33;
2.08903e+34;
3.4541e+34;
4.83329e+34;
6.22658e+34;
7.63396e+34;
9.05541e+34;
1.04909e+35;
1.19405e+35;
1.34041e+35;
1.48817e+35;
1.63733e+35;
1.78789e+35;
1.93986e+35;
2.09322e+35;
2.24797e+35;
2.40413e+35;
2.56167e+35;
2.72062e+35;
2.88095e+35;
3.04268e+35;
3.2058e+35;
3.37031e+35;
3.53621e+35;
3.7035e+35;
3.87218e+35;
4.04225e+35;
4.21371e+35;
4.38656e+35;
4.56079e+35;
4.73641e+35;
4.91341e+35;
5.0918e+35;
5.27158e+35;
5.45274e+35;
5.63529e+35;
5.81922e+35;
6.00453e+35;
6.19123e+35;
6.37931e+35;
6.56878e+35;
6.75963e+35;
6.95186e+35;
7.14548e+35;
7.34047e+35;
7.53685e+35;
7.73462e+35;
7.93376e+35;
8.13429e+35;
8.3362e+35;
8.5395e+35;
8.74417e+35;
8.95023e+35;
9.15767e+35;
9.36649e+35;
9.5767e+35;
9.78829e+35;
1.00013e+36;
1.02156e+36;
1.04314e+36;
1.06485e+36;
1.0867e+36;
1.10869e+36;
1.13081e+36;
1.15308e+36;
1.17548e+36;
1.19802e+36;
1.2207e+36;
1.24352e+36;
1.26648e+36;
1.28958e+36;
1.31281e+36;
1.33618e+36;
1.3597e+36;
1.38335e+36;
1.40714e+36;
1.43106e+36;
1.45513e+36;
1.47933e+36;
1.50368e+36;
1.52816e+36;
1.55278e+36;
1.57754e+36;
1.60244e+36;
1.62748e+36;
1.65265e+36;
1.67797e+36;
1.70342e+36;
1.72902e+36;
1.75475e+36;
1.78062e+36;
1.80663e+36;
1.83278e+36;
1.85907e+36;
1.8855e+36;
1.91207e+36;
1.93878e+36;
1.96562e+36;
1.99261e+36;
2.01974e+36;
2.047e+36;
2.07441e+36;
2.10195e+36;
2.12964e+36;
2.15746e+36;
2.18542e+36;
2.21353e+36;
2.24177e+36;
2.27015e+36;
2.29868e+36;
2.32734e+36;
2.35614e+36;
2.38509e+36;
2.41417e+36;
2.44339e+36;
2.47276e+36;
2.50226e+36;
2.53191e+36;
2.56169e+36;
2.59162e+36;
2.62168e+36;
2.65189e+36;
2.68224e+36;
2.71272e+36;
2.74335e+36;
2.77412e+36;
2.80503e+36;
2.83609e+36;
2.86728e+36;
2.89861e+36;
2.93009e+36;
2.9617e+36;
2.99346e+36;
3.02536e+36;
3.0574e+36;
3.08958e+36;
3.1219e+36;
3.15436e+36;
3.18697e+36;
3.21972e+36;
3.25261e+36;
3.28564e+36;
3.31881e+36;
3.35213e+36;
3.38558e+36;
3.41918e+36;
3.45292e+36;
3.48681e+36;
3.52083e+36;
3.555e+36;
3.58931e+36;
3.62376e+36;
3.65836e+36;
3.6931e+36;
3.72798e+36;
3.763e+36;
3.79817e+36;
3.83348e+36;
3.86893e+36;
3.90452e+36;
3.94026e+36;
3.97614e+36;
4.01217e+36;
4.04834e+36;
4.08465e+36;
4.12111e+36;
4.1577e+36;
4.19445e+36;
4.23133e+36;
4.26836e+36;
4.30554e+36;
4.34286e+36;
4.38032e+36;
4.41792e+36;
4.45567e+36;
4.49357e+36;
4.53161e+36;
4.56979e+36;
4.60812e+36;
4.64659e+36;
4.68521e+36;
4.72397e+36;
4.76288e+36;
4.80193e+36;
4.84112e+36;
4.88046e+36;
4.91995e+36;
4.95958e+36;
4.99935e+36;
5.03927e+36;
5.07934e+36;
5.11955e+36;
5.15991e+36;
5.20041e+36;
5.24105e+36;
5.28184e+36;
5.32278e+36;
5.36386e+36;
5.40509e+36;
5.44646e+36;
5.48798e+36;
5.52964e+36;
5.57145e+36;
5.61341e+36;
5.65551e+36;
5.69775e+36;
5.74014e+36;
5.78267e+36;
5.82535e+36;
5.86817e+36;
5.91114e+36;
5.95426e+36;
5.99751e+36;
6.04091e+36;
6.08446e+36;
6.12815e+36;
6.17198e+36;
6.21596e+36;
6.26008e+36;
6.30434e+36;
6.34875e+36;
6.3933e+36;
6.43798e+36;
6.48282e+36;
6.52779e+36;
6.5729e+36;
6.61815e+36;
6.66354e+36;
6.70907e+36;
6.75474e+36;
6.80055e+36;
6.84649e+36;
6.89257e+36;
6.93878e+36;
6.98513e+36;
7.03161e+36;
7.07822e+36;
7.12496e+36;
7.17183e+36;
7.21883e+36;
7.26595e+36;
7.3132e+36;
7.36057e+36;
7.40806e+36;
7.45567e+36;
7.50339e+36;
7.55123e+36;
7.59917e+36;
7.64723e+36;
7.69539e+36;
7.74365e+36;
7.79201e+36;
7.84046e+36;
7.889e+36;
7.93762e+36;
7.98633e+36;
8.0351e+36;
8.08395e+36;
8.13285e+36;
8.18181e+36;
8.23081e+36;
8.27986e+36;
8.32893e+36;
8.37801e+36;
8.42711e+36;
8.4762e+36;
8.52527e+36;
8.57432e+36;
8.62331e+36;
8.67224e+36;
8.72109e+36;
8.76983e+36;
8.81845e+36;
8.86692e+36;
8.91521e+36;
8.96329e+36;
9.01113e+36;
9.0587e+36;
9.10594e+36;
9.15283e+36;
9.1993e+36;
9.2453e+36;
9.29077e+36;
9.33565e+36;
9.37985e+36;
9.4233e+36;
9.46589e+36;
9.50752e+36;
9.54806e+36;
9.58739e+36;
9.62536e+36;
9.66178e+36;
9.69648e+36;
9.72922e+36;
9.75977e+36;
9.78785e+36;
9.81315e+36;
9.83531e+36;
9.85392e+36;
9.86854e+36;
9.87866e+36;
9.88371e+36;
9.88304e+36;
9.87595e+36;
9.86166e+36;
9.83934e+36;
9.80807e+36;
9.76694e+36;
9.715e+36;
9.65137e+36;
9.57531e+36;
9.48629e+36;
9.38412e+36;
9.26912e+36;
9.14227e+36;
9.00528e+36;
8.86074e+36;
8.71205e+36;
8.56327e+36;
8.41884e+36;
8.2832e+36;
8.16038e+36;
8.05363e+36;
7.96519e+36;
7.8962e+36;
7.84678e+36;
7.81621e+36;
7.80317e+36;
7.80595e+36;
7.82268e+36;
7.85146e+36;
7.89047e+36;
7.93806e+36;
7.99275e+36;
8.05325e+36;
8.11846e+36;
8.18745e+36;
8.25943e+36;
8.33376e+36;
8.40991e+36;
8.48742e+36;
8.56595e+36;
8.6452e+36;
8.72493e+36;
8.80496e+36;
8.88512e+36;
8.9653e+36;
9.0454e+36;
9.12534e+36;
9.20506e+36;
9.28452e+36;
9.36367e+36;
9.44251e+36;
9.521e+36;
9.59914e+36;
9.67691e+36;
9.75433e+36;
9.83137e+36;
9.90806e+36;
9.9844e+36;
1.00604e+37;
1.0136e+37;
1.02113e+37;
1.02863e+37;
1.0361e+37;
1.04354e+37;
1.05094e+37;
1.05832e+37;
1.06568e+37;
1.073e+37;
1.0803e+37;
1.08758e+37;
1.09484e+37;
1.10207e+37;
1.10928e+37;
1.11647e+37;
1.12364e+37;
1.13079e+37;
1.13793e+37;
1.14505e+37;
1.15215e+37;
1.15924e+37;
1.16631e+37;
1.17337e+37;
1.18042e+37;
1.18746e+37;
1.19448e+37;
1.20149e+37;
1.2085e+37;
1.21549e+37;
1.22247e+37;
1.22945e+37;
1.23641e+37;
1.24337e+37;
1.25033e+37;
1.25727e+37;
1.26421e+37;
1.27115e+37;
1.27808e+37;
1.285e+37;
1.29192e+37;
1.29884e+37;
1.30575e+37;
1.31266e+37;
1.31956e+37;
1.32647e+37;
1.33337e+37;
1.34027e+37;
1.34717e+37;
1.35406e+37;
1.36096e+37;
1.36785e+37;
1.37475e+37;
1.38164e+37;
1.38854e+37;
1.39543e+37;
1.40233e+37;
1.40922e+37;
1.41612e+37;
1.42302e+37;
1.42992e+37;
1.43682e+37;
1.44372e+37;
1.45063e+37;
1.45753e+37;
1.46444e+37;
1.47135e+37;
1.47827e+37;
1.48518e+37;
1.4921e+37;
1.49903e+37;
1.50595e+37;
1.51288e+37;
1.51982e+37;
1.52676e+37;
1.5337e+37;
1.54064e+37;
1.54759e+37;
1.55454e+37;
1.5615e+37;
1.56846e+37;
1.57543e+37;
1.5824e+37;
1.58938e+37;
1.59636e+37;
1.60334e+37;
1.61034e+37;
1.61733e+37;
1.62433e+37;
1.63134e+37;
1.63835e+37;
1.64537e+37;
1.65239e+37;
1.65942e+37;
1.66645e+37;
1.67349e+37;
1.68054e+37;
1.68759e+37;
1.69465e+37;
1.70172e+37;
1.70879e+37;
1.71586e+37;
1.72294e+37;
1.73003e+37;
1.73713e+37;
1.74423e+37;
1.75134e+37;
1.75845e+37;
1.76558e+37;
1.7727e+37;
1.77984e+37;
1.78698e+37;
1.79413e+37;
1.80129e+37;
1.80845e+37;
1.81562e+37;
1.82279e+37;
1.82998e+37;
1.83717e+37;
1.84436e+37;
1.85157e+37;
1.85878e+37;
1.866e+37;
1.87323e+37;
1.88046e+37;
1.8877e+37;
1.89495e+37;
1.9022e+37;
1.90947e+37;
1.91674e+37;
1.92402e+37;
1.9313e+37;
1.9386e+37;
1.9459e+37;
1.9532e+37;
1.96052e+37;
1.96784e+37;
1.97518e+37;
1.98251e+37;
1.98986e+37;
1.99722e+37;
2.00458e+37;
2.01195e+37;
2.01933e+37;
2.02671e+37;
2.03411e+37;
2.04151e+37;
2.04892e+37;
2.05633e+37;
2.06376e+37;
2.07119e+37;
2.07863e+37;
2.08608e+37;
2.09354e+37;
2.101e+37;
2.10848e+37;
2.11596e+37;
2.12345e+37;
2.13095e+37;
2.13845e+37;
2.14597e+37;
2.15349e+37;
2.16102e+37;
2.16855e+37;
2.1761e+37;
2.18366e+37;
2.19122e+37;
2.19879e+37;
2.20637e+37;
2.21396e+37;
2.22155e+37;
2.22915e+37;
2.23677e+37;
2.24439e+37;
2.25201e+37;
2.25965e+37;
2.2673e+37;
2.27495e+37;
2.28261e+37;
2.29028e+37;
2.29796e+37;
2.30565e+37;
2.31334e+37;
2.32104e+37;
2.32876e+37;
2.33648e+37;
2.3442e+37;
2.35194e+37;
2.35968e+37;
2.36744e+37;
2.3752e+37;
2.38297e+37;
2.39075e+37;
2.39853e+37;
2.40633e+37;
2.41413e+37;
2.42195e+37;
2.42977e+37;
2.43759e+37;
2.44543e+37;
2.45328e+37;
2.46113e+37;
2.46899e+37;
2.47686e+37;
2.48474e+37;
2.49263e+37;
2.50053e+37;
2.50843e+37;
2.51635e+37;
2.52427e+37;
2.5322e+37;
2.54013e+37;
2.54808e+37;
2.55604e+37;
2.564e+37;
2.57197e+37;
2.57995e+37;
2.58794e+37;
2.59594e+37;
2.60394e+37;
2.61196e+37;
2.61998e+37;
2.62801e+37;
2.63605e+37;
2.6441e+37;
2.65216e+37;
2.66022e+37;
2.66829e+37;
2.67638e+37;
2.68447e+37;
2.69256e+37;
2.70067e+37;
2.70879e+37;
2.71691e+37;
2.72504e+37;
2.73318e+37;
2.74133e+37;
2.74949e+37;
2.75766e+37;
2.76583e+37;
2.77401e+37;
2.7822e+37;
2.7904e+37;
2.79861e+37;
2.80683e+37;
2.81505e+37;
2.82329e+37;
2.83153e+37;
2.83978e+37;
2.84804e+37;
2.8563e+37;
2.86458e+37;
2.87286e+37;
2.88115e+37;
2.88945e+37;
2.89776e+37;
2.90608e+37;
2.9144e+37;
2.92274e+37;
2.93108e+37;
2.93943e+37;
2.94779e+37;
2.95616e+37;
2.96453e+37;
2.97292e+37;
2.98131e+37;
2.98971e+37;
2.99812e+37;
3.00654e+37;
3.01496e+37;
3.0234e+37;
3.03184e+37;
3.04029e+37;
3.04875e+37;
3.05722e+37;
3.06569e+37;
3.07417e+37;
3.08267e+37;
3.09117e+37;
3.09968e+37;
3.10819e+37;
3.11672e+37;
3.12525e+37;
3.13379e+37;
3.14234e+37;
3.1509e+37;
3.15947e+37;
3.16804e+37;
3.17663e+37;
3.18522e+37;
3.19382e+37;
3.20242e+37;
3.21104e+37;
3.21966e+37;
3.2283e+37;
3.23694e+37;
3.24559e+37;
3.25424e+37;
3.26291e+37;
3.27158e+37;
3.28026e+37;
3.28895e+37;
3.29765e+37;
3.30636e+37;
3.31507e+37;
3.32379e+37;
3.33252e+37;
3.34126e+37;
3.35001e+37;
3.35876e+37;
3.36753e+37;
3.3763e+37;
3.38508e+37;
3.39387e+37;
3.40266e+37;
3.41146e+37;
3.42028e+37;
3.4291e+37;
3.43792e+37;
3.44676e+37;
3.4556e+37;
3.46446e+37;
3.47332e+37;
3.48218e+37;
3.49106e+37;
3.49994e+37;
3.50884e+37;
3.51774e+37;
3.52665e+37;
3.53556e+37;
3.54449e+37;
3.55342e+37;
3.56236e+37;
3.57131e+37;
3.58026e+37;
3.58923e+37;
3.5982e+37;
3.60718e+37;
3.61617e+37;
3.62517e+37;
3.63417e+37;
3.64318e+37;
3.6522e+37;
3.66123e+37;
3.67027e+37;
3.67931e+37;
3.68836e+37;
3.69742e+37;
3.70649e+37;
3.71556e+37;
3.72465e+37;
3.73374e+37;
3.74284e+37;
3.75194e+37;
3.76106e+37;
3.77018e+37;
3.77931e+37;
3.78845e+37;
3.7976e+37;
3.80675e+37;
3.81591e+37;
3.82508e+37;
3.83426e+37;
3.84344e+37;
3.85264e+37;
3.86184e+37;
3.87105e+37;
3.88026e+37;
3.88949e+37;
3.89872e+37;
3.90796e+37;
3.91721e+37;
3.92646e+37;
3.93572e+37;
3.945e+37;
3.95427e+37;
3.96356e+37;
3.97285e+37;
3.98216e+37;
3.99146e+37;
4.00078e+37;
4.01011e+37;
4.01944e+37;
4.02878e+37;
4.03813e+37;
4.04748e+37;
4.05684e+37;
4.06621e+37;
4.07559e+37;
4.08498e+37;
4.09437e+37;
4.10377e+37;
4.11318e+37;
4.1226e+37;
4.13202e+37;
4.14145e+37;
4.15089e+37;
4.16034e+37;
4.16979e+37;
4.17925e+37;
4.18872e+37;
4.1982e+37;
4.20769e+37;
4.21718e+37;
4.22668e+37;
4.23618e+37;
4.2457e+37;
4.25522e+37;
4.26475e+37;
4.27429e+37;
4.28383e+37;
4.29338e+37;
4.30294e+37;
4.31251e+37;
4.32209e+37;
4.33167e+37;
4.34126e+37;
4.35085e+37;
4.36046e+37;
4.37007e+37;
4.37969e+37;
4.38932e+37;
4.39895e+37;
4.40859e+37;
4.41824e+37;
4.4279e+37;
4.43756e+37;
4.44723e+37;
4.45691e+37;
4.46659e+37;
4.47629e+37;
4.48599e+37;
4.4957e+37;
4.50541e+37;
4.51513e+37;
4.52486e+37;
4.5346e+37;
4.54435e+37;
4.5541e+37;
4.56386e+37;
4.57362e+37;
4.5834e+37;
4.59318e+37;
4.60297e+37;
4.61276e+37;
4.62256e+37;
4.63237e+37;
4.64219e+37;
4.65202e+37;
4.66185e+37;
4.67169e+37;
4.68153e+37;
4.69139e+37;
4.70125e+37;
4.71112e+37;
4.72099e+37;
4.73087e+37;
4.74076e+37;
4.75066e+37;
4.76057e+37;
4.77048e+37;
4.7804e+37;
4.79032e+37;
4.80025e+37;
4.81019e+37;
4.82014e+37;
4.83009e+37;
4.84006e+37;
4.85002e+37;
4.86e+37;
4.86998e+37;
4.87997e+37;
4.88997e+37;
4.89997e+37;
4.90999e+37;
4.92e+37;
4.93003e+37;
4.94006e+37;
4.9501e+37;
4.96015e+37;
4.9702e+37;
4.98026e+37;
4.99033e+37;
5.00041e+37;
5.01049e+37;
5.02058e+37;
5.03067e+37;
5.04078e+37;
5.05089e+37;
5.061e+37;
5.07113e+37;
5.08126e+37;
5.0914e+37;
5.10154e+37;
5.11169e+37;
5.12185e+37;
5.13202e+37;
5.14219e+37;
5.15237e+37;
5.16256e+37;
5.17275e+37;
5.18295e+37;
5.19316e+37;
5.20338e+37;
5.2136e+37;
5.22383e+37;
5.23406e+37;
5.2443e+37;
5.25455e+37;
5.26481e+37;
5.27507e+37;
5.28534e+37;
5.29562e+37;
5.30591e+37;
5.3162e+37;
5.32649e+37;
5.3368e+37;
5.34711e+37;
5.35743e+37;
5.36776e+37;
5.37809e+37;
5.38843e+37;
5.39877e+37;
5.40913e+37;
5.41949e+37;
5.42985e+37;
5.44023e+37;
5.45061e+37;
5.46099e+37;
5.47139e+37;
5.48179e+37;
5.4922e+37;
5.50261e+37;
5.51303e+37;
5.52346e+37;
5.53389e+37;
5.54434e+37;
5.55478e+37;
5.56524e+37;
5.5757e+37;
5.58617e+37;
5.59665e+37;
5.60713e+37;
5.61762e+37;
5.62812e+37;
5.63862e+37;
5.64913e+37;
5.65964e+37;
5.67017e+37;
5.6807e+37;
5.69123e+37;
5.70178e+37;
5.71233e+37